start=571.404000
volume=100.000000
border=no
sid=5
