start=1.397000
volume=75.000000
border=no
