start=14.816602
volume=100.000000
