start=9.200000
volume=100.000000
