start=2.440000
volume=75.000000
