start=120.016807
pause=yes
volume=100.000000
