start=3738.756000
volume=80.000000
audio-delay=0.100000
sid=1
