start=1.272000
pause=yes
volume=70.000000
