start=6520.973000
pause=yes
volume=100.000000
border=no
sid=5
