start=10.537307
pause=yes
volume=100.000000
