start=1449.324000
volume=95.000000
border=no
