start=157.387000
pause=yes
volume=35.000000
