start=51.200000
pause=yes
volume=100.000000
