start=3094.112000
pause=yes
volume=85.000000
