start=24.999870
pause=yes
volume=100.000000
