start=3211.271000
pause=yes
volume=75.000000
