start=41.733000
volume=100.000000
border=no
