start=3083.977000
volume=85.000000
