start=3694.754000
volume=65.000000
border=no
