start=1.022000
volume=40.000000
