start=950.616000
pause=yes
volume=60.000000
aid=1
sid=1
