start=5.166667
pause=yes
volume=100.000000
