start=26.866536
pause=yes
volume=100.000000
