start=3127.395000
volume=80.000000
border=no
