start=5.200000
volume=75.000000
