start=3425.401000
volume=85.000000
ab-loop-a=134.447000
