start=842.009000
pause=yes
volume=60.000000
