start=88.833008
pause=yes
volume=90.000000
