start=241.366000
volume=100.000000
border=no
