start=1.783333
volume=100.000000
