start=52.367000
speed=1.464100
volume=100.000000
