start=110.549544
pause=yes
volume=80.000000
